516
402
352
36
564
54
595
157
748
367
339
262
667
564
963
945
650
735
168
254
186
153
113
219
976
71
17
516
147
705
129
818
954
959
928
917
639
460
741
981
360
597
976
906
955
672
926
337
519
663
332
23
431
596
865
797
583
525
366
284
863
30
806
704
469
539
56
615
349
165
106
425
434
930
293
79
899
759
573
589
721
911
600
657
933
227
484
195
996
736
82
341
468
110
919
883
118
342
952
913
308
417
59
697
9
661
442
828
390
536
184
374
377
924
491
844
389
876
58
182
470
219
423
679
547
577
796
898
757
599
231
108
148
119
791
823
262
23
510
738
617
572
110
587
942
561
814
751
142
855
749
30
438
444
259
826
588
990
972
886
281
863
654
960
470
920
415
25
489
319
2
409
551
339
16
581
281
396
417
971
937
190
747
562
523
444
6
781
494
406
224
518
923
461
764
980
786
332
571
159
609
766
597
304
550
36
862
924
850
62
83
543
966
574
380
739
758
762
538
880
146
801
591
771
322
850
178
73
71
138
186
330
879
204
1000
184
687
144
407
759
416
134
245
925
652
354
689
816
887
375
628
524
984
518
290
341
519
774
968
694
486
691
173
290
546
504
459
537
769
406
284
127
132
741
631
106
748
152
770
419
781
163
959
977
591
358
425
659
514
752
853
100
471
86
228
22
148
259
677
362
614
264
997
388
853
387
224
121
13
353
190
425
769
445
89
87
384
752
491
598
194
345
506
435
881
204
358
743
738
901
295
588
435
235
265
629
340
487
553
368
256
404
334
949
571
750
811
421
923
669
561
997
888
225
135
378
829
725
916
213
959
781
176
526
619
738
552
435
585
162
273
719
309
970
482
413
402
838
308
500
743
285
595
57
284
599
123
778
467
984
285
367
697
204
282
521
91
698
588
797
956
420
489
880
195
555
233
137
959
268
269
651
581
191
920
306
373
348
487
3
554
814
730
606
992
594
498
173
622
694
867
84
508
660
857
256
803
950
4
730
561
849
766
139
44
756
457
223
548
559
811
428
611
118
323
290
510
502
459
66
658
84
909
328
505
899
136
938
773
28
707
968
521
532
302
220
453
467
717
809
200
49
782
46
853
738
311
978
184
633
963
527
664
677
76
640
540
528
119
804
880
620
277
827
639
486
334
573
200
533
61
344
314
226
433
944
497